[{"id": 0, "img_name": "00", "width": 4096, "height": 3072, "position": [0.41758009804737645, 1.4993044959511699, -1.7819065369559632], "rotation": [[0.9832898810875715, 0.15407986883189917, -0.09695567941866101], [-0.15878041675828533, 0.9863880637020904, -0.042747713858241713], [0.08904936274255222, 0.057428057661613734, 0.9943702676510192]], "fy": 2925.5398692309604, "fx": 2925.5398692309604}, {"id": 1, "img_name": "01", "width": 4096, "height": 3072, "position": [0.9628468968528947, -3.7297469361904074, -1.1597565238024703], "rotation": [[0.9825944509960882, 0.16982763881693852, -0.07527760600311062], [-0.12635487082692382, 0.9080665572088907, 0.39931137511609144], [0.13617118450688262, -0.3828494492260058, 0.9137197096141336]], "fy": 2925.5398692309604, "fx": 2925.5398692309604}, {"id": 2, "img_name": "02", "width": 4096, "height": 3072, "position": [0.8471552304018889, -3.7848251665207844, -1.1885126109364268], "rotation": [[0.9728643010265803, 0.21278871833859386, -0.09086260581714599], [-0.15938698001850496, 0.9010008738964279, 0.40347641298897974], [0.16772251604553337, -0.3780454821654288, 0.9104673366055831]], "fy": 2925.5398692309604, "fx": 2925.5398692309604}, {"id": 3, "img_name": "03", "width": 4096, "height": 3072, "position": [-0.6602138916056549, -3.13126229329119, -2.9139811954203854], "rotation": [[0.8721565977147809, 0.4487068119282142, -0.19494888045791878], [-0.3427205771681024, 0.8447375663026154, 0.4110487198163948], [0.34912100344743013, -0.2916858601412698, 0.8905244993516499]], "fy": 2925.5398692309604, "fx": 2925.5398692309604}, {"id": 4, "img_name": "04", "width": 4096, "height": 3072, "position": [0.17010636808239224, -6.951488148988422, 1.4840889528044567], "rotation": [[0.8945153103034267, 0.44629132976798047, -0.025814891181102573], [-0.3000336055886076, 0.6421694208048857, 0.7054064576544627], [0.3313943197314406, -0.6232515414798788, 0.7083327755318756]], "fy": 2925.5398692309604, "fx": 2925.5398692309604}, {"id": 5, "img_name": "05", "width": 4096, "height": 3072, "position": [-0.9541083842380518, -6.399506038866571, 0.7940323954817416], "rotation": [[0.9758412521995667, 0.21656153875236564, -0.028895508972662822], [-0.14131139085750014, 0.7264885688931684, 0.6724919702728613], [0.1666281528418905, -0.6521621418027603, 0.7395401270247178]], "fy": 2925.5398692309604, "fx": 2925.5398692309604}, {"id": 6, "img_name": "06", "width": 4096, "height": 3072, "position": [-2.4006496602190603, -5.8496987868173544, 0.38542126791494086], "rotation": [[0.9985475275816592, -0.04157933793204185, 0.03426359318122735], [0.01160570311111024, 0.7870139885412228, 0.6168259799130809], [-0.05261314299538044, -0.6155324041003599, 0.7863534298816143]], "fy": 2925.5398692309604, "fx": 2925.5398692309604}, {"id": 7, "img_name": "07", "width": 4096, "height": 3072, "position": [-1.4634078925982206, -0.5774238424029658, -1.6187546656682088], "rotation": [[0.996419329338361, 0.08136353957230716, -0.022989009312204593], [-0.07727939681997524, 0.9867369380602495, 0.14275191730629735], [0.03429890593053698, -0.14046419293097004, 0.9894914833166677]], "fy": 2925.5398692309604, "fx": 2925.5398692309604}, {"id": 8, "img_name": "08", "width": 4096, "height": 3072, "position": [-0.5217863566383948, -0.5938325251675854, -1.5475830299383075], "rotation": [[0.9876565036683174, 0.14581593101970203, -0.05720441436229142], [-0.13708423179437013, 0.9813580014241118, 0.1347011003452482], [0.07577957610743573, -0.12519659460916144, 0.9892336774206825]], "fy": 2925.5398692309604, "fx": 2925.5398692309604}, {"id": 9, "img_name": "09", "width": 4096, "height": 3072, "position": [1.500273285176652, -0.9326607427721318, -1.0721301899972135], "rotation": [[0.9422475222074435, 0.2883427041315467, -0.17037632425909563], [-0.25751793737694245, 0.9489982555117138, 0.18189783661398684], [0.2141357485873351, -0.12751782624335606, 0.9684446732607448]], "fy": 2925.5398692309604, "fx": 2925.5398692309604}, {"id": 10, "img_name": "10", "width": 4096, "height": 3072, "position": [2.8461901604485282, -1.2002946107099004, -0.4539445861231875], "rotation": [[0.8566568558389388, 0.42825296428730514, -0.28764288609885685], [-0.379506509692005, 0.9008230670519493, 0.21093271668594044], [0.3494479080571751, -0.07153461012863126, 0.9342210440298424]], "fy": 2925.5398692309604, "fx": 2925.5398692309604}, {"id": 11, "img_name": "11", "width": 4096, "height": 3072, "position": [2.8711290287933986, 0.5606140420719199, 0.3306540181010912], "rotation": [[0.9003759494029823, 0.3129321299512212, -0.3023187585659715], [-0.3018575393925768, 0.9496466969512564, 0.08398319404159146], [0.31337705029012114, 0.01564074850384991, 0.9494999691088474]], "fy": 2925.5398692309604, "fx": 2925.5398692309604}, {"id": 12, "img_name": "12", "width": 4096, "height": 3072, "position": [1.3763045810768504, 0.9744196935954276, -0.2161807927555426], "rotation": [[0.9598257708281249, 0.19008472456808942, -0.20640321494606037], [-0.19106682463395577, 0.981456939442573, 0.015353974870211578], [0.2054944237162974, 0.024699666108907104, 0.9783465481697248]], "fy": 2925.5398692309604, "fx": 2925.5398692309604}, {"id": 13, "img_name": "13", "width": 4096, "height": 3072, "position": [-0.39538336548176306, 1.2067649380063257, -0.5241100392642865], "rotation": [[0.9875441054125488, 0.12467473154171421, -0.09598359849437982], [-0.12679487502375328, 0.9917951603809816, -0.01629170072686559], [0.09316490504819726, 0.02825900139538646, 0.9952495814153834]], "fy": 2925.5398692309604, "fx": 2925.5398692309604}, {"id": 14, "img_name": "14", "width": 4096, "height": 3072, "position": [-1.9874733571044159, 1.2431992588646616, -0.6588258242990398], "rotation": [[0.9939199961412786, 0.002298946699548624, 0.11008068002421426], [0.0013954942020759876, 0.9994386675856549, -0.03347241148382576], [-0.1100958394602302, 0.03342251604357775, 0.9933588684633886]], "fy": 2925.5398692309604, "fx": 2925.5398692309604}, {"id": 15, "img_name": "15", "width": 4096, "height": 3072, "position": [-3.3365374322756627, 2.4543120837804175, 0.978195698009179], "rotation": [[0.9655711176476744, -0.03980812946650121, 0.25707533836017643], [0.051679367409215145, 0.9978788725571923, -0.039585334256139325], [-0.2549542306940684, 0.051507946303121076, 0.9655802772006222]], "fy": 2925.5398692309604, "fx": 2925.5398692309604}, {"id": 16, "img_name": "16", "width": 4096, "height": 3072, "position": [-1.5293330863757613, 2.1142028902253487, 0.4525274512263619], "rotation": [[0.9933463593992312, 0.09474546682473783, 0.06546989219829172], [-0.09043930150854235, 0.9937207378748535, -0.06587736986328124], [-0.07130037174475606, 0.05951799420023398, 0.9956775910682337]], "fy": 2925.5398692309604, "fx": 2925.5398692309604}, {"id": 17, "img_name": "17", "width": 4096, "height": 3072, "position": [0.31818833734344937, 1.8712508725110564, 0.06723161683256734], "rotation": [[0.9735147874292368, 0.19464750514624435, -0.11992208886168741], [-0.20266948944229826, 0.9774878925038232, -0.058672805094286115], [0.10580187477453241, 0.08142339190169309, 0.9910480283747187]], "fy": 2925.5398692309604, "fx": 2925.5398692309604}, {"id": 18, "img_name": "18", "width": 4096, "height": 3072, "position": [2.4953303713027375, 1.5612794447132519, 0.4139560153689555], "rotation": [[0.93264061147296, 0.250464627706366, -0.2597093762251467], [-0.271872472722654, 0.9610609704060875, -0.04946887645559749], [0.2372063414139957, 0.11674451349001744, 0.9644189287664185]], "fy": 2925.5398692309604, "fx": 2925.5398692309604}, {"id": 19, "img_name": "19", "width": 4096, "height": 3072, "position": [1.1115475558111887, 1.692706682183337, 1.0674975972150642], "rotation": [[0.9841862237903088, 0.12879045399447675, -0.12161618256329587], [-0.14320434107709742, 0.9825935504601121, -0.11833186929506986], [0.10425926144974693, 0.13387656088385202, 0.985498388049349]], "fy": 2925.5398692309604, "fx": 2925.5398692309604}, {"id": 20, "img_name": "20", "width": 4096, "height": 3072, "position": [-1.0331723836990487, 1.8263978466789677, 0.7139262371833238], "rotation": [[0.9979418483047777, 0.06352378409914249, 0.008763347292537447], [-0.062095187362057075, 0.9913957763270025, -0.11523281818757586], [-0.0160079701559916, 0.11445148987542896, 0.9932998547049019]], "fy": 2925.5398692309604, "fx": 2925.5398692309604}, {"id": 21, "img_name": "21", "width": 4096, "height": 3072, "position": [-2.4535585074057633, 2.029261178173698, 0.575149265706836], "rotation": [[0.9952732346763129, 0.00030736862847611797, 0.09711381910663006], [0.012245688086530069, 0.9916159152031423, -0.12863871827378445], [-0.09633914811869812, 0.12921989877863588, 0.9869250155403918]], "fy": 2925.5398692309604, "fx": 2925.5398692309604}, {"id": 22, "img_name": "22", "width": 4096, "height": 3072, "position": [3.7471204773867224, 0.4945902195571034, 1.1605611199255474], "rotation": [[0.8698497489284712, 0.2873004277722705, -0.40102353857466516], [-0.3134902248977229, 0.9495913731892233, 0.00032071510755838674], [0.38090063426391224, 0.1254379853412652, 0.9160676932688294]], "fy": 2925.5398692309604, "fx": 2925.5398692309604}, {"id": 23, "img_name": "23", "width": 4096, "height": 3072, "position": [1.9189775093561088, 0.3369799237382017, 2.1698902435873637], "rotation": [[0.9509742699846185, 0.17464061530607858, -0.2552422247840979], [-0.1928467488560979, 0.9800574385189535, -0.04793275142635268], [0.24178103582137048, 0.09480544651644053, 0.9656882820185628]], "fy": 2925.5398692309604, "fx": 2925.5398692309604}, {"id": 24, "img_name": "24", "width": 4096, "height": 3072, "position": [-0.4566650901825417, 1.4646266830474715, 1.2948227889589081], "rotation": [[0.9971288082146604, 0.07497441727156397, -0.010629044322056136], [-0.07501185336136934, 0.997177610815712, -0.0031677031364717593], [0.01036154832557597, 0.0039559123673054974, 0.9999384926452421]], "fy": 2925.5398692309604, "fx": 2925.5398692309604}, {"id": 25, "img_name": "25", "width": 4096, "height": 3072, "position": [-3.0584269135963473, 2.141141866938594, 1.8140683100252082], "rotation": [[0.9187876938326032, -0.212382334995974, 0.3327505333480694], [0.24233844947772248, 0.9688633535854603, -0.050753108120280145], [-0.3116107340360728, 0.1272695794791253, 0.9416481320390896]], "fy": 2925.5398692309604, "fx": 2925.5398692309604}, {"id": 26, "img_name": "26", "width": 4096, "height": 3072, "position": [-0.10874830932509402, 0.9241467266559574, -0.9613131032551471], "rotation": [[0.9999893652186684, -0.0002855793255663611, 0.004603030959422218], [0.00026258573912094156, 0.9999874897101663, 0.004995144831719433], [-0.004604399884262951, -0.004993883019159752, 0.999976930050937]], "fy": 2925.5398692309604, "fx": 2925.5398692309604}, {"id": 27, "img_name": "27", "width": 4096, "height": 3072, "position": [3.847072854398399, 2.4673384652560912, 1.1671358226081632], "rotation": [[0.8521937300096774, 0.2429589554708179, -0.4633970138970707], [-0.34355528754659503, 0.9278164699278382, -0.1453491057056139], [0.3946335147082281, 0.28306809090247964, 0.8741492120810133]], "fy": 2925.5398692309604, "fx": 2925.5398692309604}]